0.697734 46
0.318053 6
0.096441 43
0.0273552 87
0.0276711 154
0.0522229 18
0.0701276 76
0.0663651 161
0.0580933 30
0.0540556 1
0.0585592 40
0.0499759 10
0.0484367 16
0.0425621 0
0.0696952 13
0.0443358 113
0.0437597 14
0.0723187 28
0.0435371 38
0.0398556 53
0.0452173 44
0.0717596 19
0.0429222 2
0.053149 86
0.0411779 178
0.0532997 162
0.0637182 55
0.0737341 27
0.0485003 121
0.0476155 60
0.0441959 114
0.0381868 58
0.0354459 218
0.0311855 32
0.0308898 98
0.0278156 67
0.0260857 37
0.0259212 63
0.0250858 89
0.0249668 11
0.0373199 15
0.037246 126
0.0364512 139
0.0405449 177
0.0290072 69
0.0357015 34
0.0333788 26
0.0276711 179
0.024426 8
0.0246014 186
0.027359 29
0.0268433 72
0.0238796 64
0.023704 187
0.0224262 21
0.0313808 157
0.0838715 78
0.0356584 110
0.0337137 143
0.0303422 153
0.0302304 91
0.0447971 59
0.044075 156
0.0326006 144
0.0308442 35
0.0283984 228
0.0280298 128
0.0274898 12
0.0266577 56
0.0439659 77
0.0258271 231
0.0229833 42
0.0221981 109
0.0212014 111
0.021109 119
0.021109 3
0.0317385 39
0.0283599 25
0.0195831 54
0.0195771 163
0.0349271 96
0.0178316 107
0.0176802 82
0.0233998 7
0.017973 17
0.0171443 50
0.0169206 36
0.016906 24
0.016737 173
0.0284982 81
0.0223612 9
0.0160789 4
0.0159982 129
0.0149898 5
0.0149184 33
0.0137444 145
0.0135625 20
0.0129421 62
0.0125 52
0.0118371 170
